.Random.seed <-
c(403L, 624L, 2074049009L, -1848188162L, -1785156761L, 928808060L, 
-2082604211L, -640539222L, 1054591779L, 1249210888L, 148813929L, 
572522774L, -188416865L, -13541804L, 984010053L, 1027858754L, 
1661844443L, -1067152032L, -1189931551L, 1111880238L, -1854061353L, 
581307180L, 951332413L, -1126228006L, -1289448557L, -480533576L, 
1533702745L, 241505862L, -1084595185L, 914744068L, 1489108533L, 
-344571534L, -797494709L, 793515280L, -770789935L, -1570386594L, 
72432199L, -817347108L, -297263827L, -1771592182L, 1517844483L, 
143868264L, -1717196727L, 461141878L, -869095553L, -1097821260L, 
-2063963355L, -1625444958L, -1707653957L, -1854240576L, 1087455681L, 
-911641458L, -1943303241L, 11414668L, -1874278371L, 76462138L, 
-1646364557L, 800541464L, -810591687L, -1858526042L, 1447347951L, 
1511813220L, 182391829L, 482158034L, -1003162837L, -1041569680L, 
525980081L, 2084825022L, -589088473L, -1526546628L, 103100173L, 
-29927830L, -1206020893L, -2061319992L, 560367657L, 2083397078L, 
-431504801L, -827033324L, 700381445L, 429369858L, -602456677L, 
-1437060064L, 392650145L, 1529358062L, 806306455L, -2060386836L, 
588009981L, 50626714L, 633130323L, -1678728584L, -1167445479L, 
-575773946L, -1028482609L, -1801212476L, 78191093L, 1806711346L, 
1766138891L, -214078512L, 1383654801L, 336146974L, -1257854969L, 
-186390372L, -1779617555L, 1264137930L, 352526787L, 503050280L, 
-1105635319L, -607325130L, 1606176063L, -2030760332L, -1838385435L, 
969528930L, 1558554235L, -1277849728L, 1775069569L, -1856370354L, 
14707063L, -2105114804L, -646525987L, -128419590L, -705195469L, 
2078255576L, 932379129L, -245575322L, -816063313L, -1821140188L, 
-1919414315L, 728202898L, -2116041493L, 572235568L, 1449388401L, 
709733502L, 2121500391L, -1488731652L, 605561549L, 1139099434L, 
1247878819L, -1661546616L, 162928617L, 502332054L, 826820639L, 
1789547476L, 1685775557L, -1731448126L, -321224869L, 1120574176L, 
1627088225L, -757654610L, -564723625L, 1996927148L, 1476408765L, 
-1331519142L, 1439090451L, -1889771208L, -551439911L, 366768070L, 
586715023L, 803485828L, 690222517L, -1157958926L, 1815926219L, 
-1721924976L, 303226193L, 1269389022L, -2032020025L, 1350191964L, 
-216136531L, 972261258L, 1299155843L, 938172136L, 439666633L, 
1915891958L, 799257343L, 690768180L, -2124266843L, -608780510L, 
-131217349L, -670083520L, 568938817L, 1379360270L, 69928759L, 
-1928752628L, -14643299L, -2080704070L, 1751280627L, 37669016L, 
-988915271L, -523944410L, 1077981807L, 1867351524L, -1765487723L, 
-2055039150L, 580146859L, -1881467408L, 1753071921L, -793497282L, 
2013893799L, 819954876L, 24565389L, 194770922L, 795240547L, -1867407800L, 
-2121439319L, 1411946326L, 193367519L, -1647120748L, 110792837L, 
-1281262718L, -2028502757L, -528760416L, -846254815L, 236114030L, 
169115159L, -1696128148L, -347088515L, 1450803738L, -318603053L, 
1818157048L, 2035347865L, 867122310L, -2048113329L, -2096659644L, 
-772632203L, 35023794L, 991840139L, 678189392L, 949785873L, -570016866L, 
1470284679L, 885747228L, 161126509L, 586586186L, 494777667L, 
-1256092248L, 1303902089L, -1955844682L, 1370020031L, -805944332L, 
1302056549L, -576428062L, 1037019643L, -1259873024L, -2132477695L, 
-788434226L, -473209609L, 586638540L, -184151203L, -1741276550L, 
-555809357L, -778786984L, 132217209L, 1009937126L, 783501359L, 
-932564828L, 304432981L, -1278316526L, -401430421L, 1911114928L, 
1567054065L, 1681356286L, -2023398809L, -191494276L, -2113844659L, 
1981507754L, 1626173987L, 521350408L, 145520489L, 731182102L, 
1791136671L, -219264684L, -337773499L, 584549442L, 1552827099L, 
-1708414880L, 1424143585L, 832259374L, -519586857L, 1402099244L, 
-1329906371L, 1162420954L, 1429207699L, -1581769032L, -122162855L, 
1944504646L, 1364048655L, -926052860L, -892015307L, 700621938L, 
-139888309L, 1730801680L, -1378480943L, 534765662L, -989236921L, 
-1265151780L, -1658655699L, -2027788022L, 1592631043L, -1268876184L, 
-1201477815L, -1808078218L, -1685340545L, 1712520884L, -1294394843L, 
1481822370L, -1081390149L, -1054923840L, 1585471681L, -1837611122L, 
-1384021321L, 118486924L, 1860654877L, -439731398L, -2094178445L, 
-1197390312L, 1338792249L, -1604036698L, -529293841L, 965319524L, 
-1418099947L, -16054062L, -736445909L, -284802192L, -52383567L, 
-1718125890L, 709292071L, 1697073724L, 1232567821L, 1680054634L, 
-1732887581L, -958694456L, -556579031L, 1895174358L, 79452511L, 
-1262722028L, -1341839355L, 1596869890L, -553728869L, 1184517920L, 
-1363805023L, 573602286L, 1357953431L, -1010284308L, 1006788861L, 
-1915649126L, -1206963117L, 1579687288L, -1927892711L, -750578170L, 
-1428361009L, -67741500L, -1618278155L, -624976590L, -2086769909L, 
-598325552L, 427771025L, 636896542L, 752213767L, -1566706788L, 
829882349L, -1489569334L, -1417721661L, 341977896L, 2046138121L, 
-1184995530L, -1559468993L, -1774028428L, 752494053L, 612497762L, 
-819942021L, 863316608L, 1383827585L, -614736818L, 789405815L, 
-1139586484L, -528196899L, -579404806L, 1594718515L, 1176806616L, 
-1399916295L, 1780155494L, 1531032495L, 493602340L, -830374187L, 
1878548882L, -1469281301L, -302908880L, -827733903L, -443269250L, 
-1636942361L, -1252832004L, -1147571763L, 1987349034L, 1350616483L, 
-959804792L, 63035113L, -1324618346L, 1328799519L, -302170412L, 
-1362095163L, -1587161662L, 1076430427L, 2089268704L, 1388905569L, 
-2070778194L, 126842711L, -834077780L, -521845571L, 13804634L, 
-10473965L, -1871782856L, 640495833L, 243540678L, 2019157647L, 
-683547772L, -1680546635L, 2110608882L, -2135089973L, -827236976L, 
-480756655L, -989238818L, -1396175673L, -1851828644L, 173462445L, 
-2081142134L, 1559409283L, 1944885736L, 1915750089L, -409558026L, 
-1108686337L, -884689868L, -144772699L, -621682142L, 2119159611L, 
44691776L, -1265209279L, -1335086834L, -164692425L, -2067702516L, 
2107448989L, -1342407494L, 1010782963L, -924925032L, -303474503L, 
-1240043226L, 1692240239L, -1898925852L, -1493353835L, -816416174L, 
-423092821L, 359428336L, 444768305L, 2095957054L, -509916249L, 
-673574980L, -64543347L, 231619306L, -1039331485L, 497047880L, 
926426793L, 949389910L, 2145985759L, 1769003412L, 67026821L, 
-499245438L, 1909262363L, -1833706336L, 2027670561L, -1115610258L, 
1923347735L, 366243436L, -1289492355L, 789349658L, -723327021L, 
-414426376L, 1941663897L, -1570115706L, 1602526287L, -714068412L, 
-881688459L, 1001115314L, 1355124363L, 1157313616L, 857797649L, 
-1848029538L, 580909703L, -732202724L, 729966445L, -568698038L, 
-1928864701L, 834521256L, 1087518345L, -878468938L, 31911871L, 
802795252L, 237469029L, -731739422L, -1629966085L, -444762112L, 
-1668212735L, -697743922L, 1353079799L, 1675243468L, 972137053L, 
1310375290L, -1534923597L, 1334813272L, -1550092167L, 1628872166L, 
-2096685265L, 1752718244L, 548189781L, -1511697646L, -789745813L, 
-868898896L, -399820815L, 1415842046L, -1316087449L, 2138804860L, 
-287270579L, 1257286570L, -417654493L, -1977817080L, -118081943L, 
341174038L, -1935922529L, -1311296428L, -1957614779L, -629725374L, 
631949787L, -1612790944L, 414077921L, -239298514L, -1074908457L, 
-47537876L, -2038543299L, 1765746138L, -1571331693L, -780101192L, 
-444501927L, -877364154L, -971173361L, 826358020L, -98313163L, 
-48560270L, 360169547L, 99863312L, -258380847L, -517606562L, 
740141127L, 2106743772L, 1488567085L, 912862218L, 360629763L, 
1821751144L, 1167861321L, -767206026L, 1153488255L, -1363056204L, 
754174245L, 697562018L, -1032105285L, 1387249344L, -500465727L, 
-770499954L, 1278441911L, 471712396L, -918428131L, 1754381882L, 
-510114189L, -1460190952L, 493180985L, 131828390L, -75598609L, 
1159906916L, -414191083L, 1013246930L, 1755087147L, 957193840L, 
-10252367L, 548867518L, -1945721049L, 519558460L, 931515661L, 
245095530L, 2037048035L, -1962920248L, -2000943575L, 285869014L, 
722268255L, 300961556L, -528001275L, 47247362L, -847098981L, 
2059954720L, -369058911L, 100977902L, -584175465L, -1492413460L, 
-290164739L, -1070954854L, -1854039213L, 2110494840L, -1421922279L, 
